input/AGEB_VM.asc
ncols        168
nrows        136
xllcorner    455000.000000000000
yllcorner    2107000.000000000000
cellsize     500.000000000000
NODATA_value -99999
[rows 47 to 93 of 136, columns 0 to 95 of 168]
0 0 0 0 0 0 0 0 0 0 0 0 0 0 0 0 0 0 0 0 0 0 0 0 0 3290 3290 3290 3284 3284 3206 3206 3239 3138 3138 3256 3256 3220 3243 3119 3120 3265 3271 3117 3117 1976 1977 4161 1965 1967 1968 1969 1960 1960 1962 1962 4145 1834 1834 1824 1825 1830 1832 1833 2076 2075 450 451 446 452 4010 448 449 441 441 457 462 4012 483 3437 3428 3421 0 0 0 0 0 0 0 0 0 0 0 0 0 0
0 0 0 0 0 0 0 0 0 0 0 0 0 0 0 0 0 0 0 0 0 0 0 0 0 3290 3290 3290 3290 3290 3259 3259 3240 3138 3255 3256 3118 3244 3121 3245 3271 3271 3271 3271 1981 1976 1976 1977 1978 2071 1979 1970 1971 1972 1962 1860 1860 1862 4148 1864 1865 1857 1847 1848 2076 2076 2077 2078 451 453 4010 456 454 441 460 461 464 465 469 3421 3421 0 0 0 0 0 0 0 0 0 0 0 0 0 0 0
0 0 0 0 0 0 0 0 0 0 0 0 0 0 0 3288 3288 3288 3287 3287 3287 0 0 0 0 0 3264 3264 3252 3249 3250 3247 3234 3207 3139 3140 3141 3141 3187 3271 3271 3271 3271 3271 1989 1985 1985 4163 1987 2071 1988 1988 1971 4162 1962 1974 1868 1862 1863 4149 1869 1866 1867 1849 2092 2094 2089 2090 2080 4173 2083 456 2085 2085 2086 2086 468 468 2086 2086 3437 0 0 0 0 0 0 0 0 0 0 0 0 0 2580 2580
0 0 0 0 0 0 0 0 0 0 0 0 0 0 0 3288 3288 3288 3287 3287 3287 0 0 0 0 0 0 3264 3254 3210 3209 3241 3142 3142 3143 3144 3188 3246 3271 3271 3271 3271 3271 1997 1997 1999 1991 1991 1992 1993 1994 1994 1995 1996 1974 1878 1871 4148 1873 1873 4150 1866 1875 1870 2105 2106 2095 2098 2099 4176 2100 2102 2103 2104 2086 2086 2086 2086 2086 2086 3437 0 0 0 0 0 0 0 0 0 0 0 0 0 2556 2580
0 0 0 0 0 0 0 0 0 0 0 0 0 0 0 0 3288 3288 3288 3287 3287 0 0 0 0 0 0 3254 3254 3212 2964 4284 3213 3215 3143 3189 3191 4282 3271 3271 3271 3271 1997 1997 2006 2007 2007 2008 2009 2010 2011 2003 1995 2004 4165 1878 1880 4151 1881 1874 4150 1875 1876 1877 2105 2108 2109 2110 2111 2113 2115 2115 2116 2086 2086 2086 2086 2086 2148 2148 3309 3311 3313 3314 0 0 0 0 0 0 0 0 0 0 2556 2556
0 0 0 0 0 0 0 0 0 0 0 0 0 0 2965 2965 3288 3288 0 0 0 0 0 0 0 0 0 2964 2964 2964 2964 2964 3214 3263 2962 3281 3257 4289 3271 3271 3122 3122 1997 2022 2073 2016 2008 2008 2009 2010 2012 4166 2013 2005 1892 1889 1880 1890 1896 1884 1886 1887 1887 1888 4177 2118 2119 2120 2122 4178 2133 2086 2086 2086 2086 2086 2086 2148 2148 3308 3309 3312 3314 3315 3316 0 0 0 0 0 0 0 2574 2574 2536 4214
0 0 0 0 0 0 0 0 0 0 0 0 0 0 2965 2965 2965 2965 2965 2918 2918 0 0 0 0 0 0 2964 2964 2964 2964 2964 2964 2962 2962 2949 3257 3251 4288 3145 3122 3124 3124 2023 2028 2028 2025 2017 4167 2019 2020 2021 4166 1901 1902 1893 1894 1895 1896 1897 4152 1898 1899 1900 2125 2126 2119 4179 2130 2131 2132 2086 2086 2086 2086 2146 2147 2151 2149 3318 3310 3313 3314 3316 3316 0 0 0 0 0 0 2599 2591 2536 2536 2518
0 0 0 0 0 0 0 0 0 0 0 0 0 0 0 2965 2965 2965 2918 2918 2918 2918 0 0 0 0 0 2964 2964 2964 2964 2964 2961 2936 2949 2949 2950 3251 2951 3285 3124 3125 2026 2027 2028 2037 2040 2041 2021 2021 2021 2021 2021 1902 1903 4153 1909 1909 1954 1910 1911 1904 1905 1905 2135 2136 2138 2142 2129 2144 2145 2086 2086 2086 2086 4180 2152 2210 3317 3318 3319 3321 3322 3324 3324 4293 4293 0 0 0 0 3449 3449 2557 2539 2518
0 0 0 0 0 0 0 0 0 0 0 0 0 0 0 0 0 4258 2918 2918 2918 2918 2920 0 0 0 0 2964 2964 2964 2964 2961 2936 2936 2937 2950 2950 2951 2951 3124 3125 2031 2033 2032 2035 2037 2040 2041 2041 2021 2021 2021 2021 1914 1907 1908 1908 1909 1918 1910 1911 1912 4154 2153 2154 2137 2156 2158 2161 2176 2145 2181 2186 2086 2166 4019 543 544 3345 3346 3319 3321 3323 3330 4294 4293 3325 3325 3327 3327 0 0 3450 2540 4216 4216
0 0 0 0 0 0 0 0 0 0 0 0 0 0 0 0 0 0 0 0 2919 2919 2920 2920 0 0 0 2964 2964 2964 2961 2944 2944 2948 2937 2938 2938 2952 4260 3125 3125 2031 2033 2033 2035 2046 2048 2041 2041 2021 2021 2030 1922 1923 4156 1925 1925 1917 1918 4155 1919 1920 1921 2167 4182 2168 2169 2172 2173 2177 2179 2183 2186 2189 2166 4019 545 544 3363 3347 4295 3348 3349 3334 3335 3335 3325 3326 3327 3327 3328 3328 3450 2522 2522 2523
0 0 0 0 0 0 0 0 0 0 0 0 0 0 0 0 0 0 0 0 2925 2919 2919 2922 0 0 0 2958 2958 2958 2958 2944 2943 2937 2939 2940 2952 2952 2952 2062 2043 2043 2044 2045 2046 2046 2048 2041 2041 2054 2056 2042 1935 1937 1938 1939 4157 1926 1927 1927 1929 1931 1933 2192 2200 2200 2202 2203 2203 2198 2183 2185 2188 2190 641 642 547 550 3387 3364 3365 3352 3352 3350 3351 3336 3338 3340 3331 3331 3332 3329 3329 2524 2541 2523
0 0 0 0 0 0 0 0 0 0 0 0 0 0 0 0 0 0 2925 2925 2925 2919 2919 2922 4259 2924 4259 2958 2958 2958 2958 2947 2939 2939 2939 2940 2952 4171 4171 2064 2064 2043 2045 2047 2047 2047 2048 2050 2051 2053 2056 4170 4170 1945 1938 4158 1949 1926 1950 1950 1951 1952 1953 4159 2201 2201 4185 552 553 553 554 554 554 557 557 551 547 550 3390 3390 3365 4298 3366 3367 3353 3337 3339 4296 3341 3342 3342 3333 3422 2526 2542 2523
0 0 0 0 0 0 0 0 0 0 0 0 0 0 0 0 0 0 2925 2925 2925 2925 2923 2923 4259 4259 4259 2963 2958 2963 2959 2947 2939 2939 2940 244 2067 2067 2064 2064 2065 2066 2066 2066 2047 2048 2049 1145 1146 1146 2055 2059 2059 2061 1947 4135 1726 1731 1731 1728 1728 560 560 561 563 564 566 566 552 633 554 554 554 557 568 4020 558 550 3415 3391 3392 3393 3366 3368 3369 3371 3372 4296 3341 3354 3355 3343 3422 3422 2544 2545
0 0 0 0 0 0 0 0 0 2928 0 0 0 0 0 0 0 0 2925 2925 2925 2923 2923 2923 4259 4259 2934 2963 2963 2916 2916 2941 2941 2940 244 244 2067 2068 2068 2068 2066 2066 2066 2047 1300 1300 1148 1148 1154 1150 2055 2060 1743 1743 1729 1747 1730 1731 1733 4136 1736 1737 1738 574 635 636 575 577 552 633 634 554 567 567 568 4022 558 559 643 643 3393 3394 3395 3397 3370 3371 3372 3373 4297 4297 3360 3356 3357 3422 2544 4217
0 0 0 0 0 0 0 0 2930 2930 2928 2928 2928 0 0 0 0 0 0 0 0 0 2923 4259 4259 2934 2934 2916 2916 2916 2953 2941 2941 2941 244 244 245 246 2068 2068 1299 1299 1299 1299 1299 4079 1278 1279 1276 1155 1155 1741 1742 1744 1746 1747 1748 1749 1750 1751 1736 1740 572 574 590 590 592 593 595 598 603 582 584 567 585 570 571 559 644 645 646 649 3396 3397 3398 3399 3389 3389 3374 4299 3360 3361 3357 3358 3423 3451
0 0 0 0 0 0 0 0 2930 2930 2928 2929 2929 2931 0 0 0 0 0 0 0 0 0 0 0 2934 2934 2916 2916 2916 2953 2942 244 244 244 245 246 246 2068 1299 1299 1299 1299 1299 1299 1163 1163 1163 1277 1155 1757 1759 4137 1760 1761 1762 1764 1749 1765 1769 1753 1755 604 606 608 609 629 594 597 599 626 650 652 797 586 588 589 4029 645 645 871 872 654 796 4301 3399 3400 3401 3402 4299 3377 3380 3362 3362 3423 3452
0 0 0 0 0 0 0 0 0 2930 2928 2928 2929 2929 2931 0 0 0 0 0 0 0 0 0 0 2934 2934 2916 2916 2916 2955 259 244 244 245 246 246 1251 1167 1168 1171 1173 1174 1289 1257 1258 1304 1303 1155 1178 1775 1776 1777 1778 1780 1763 1764 4138 1766 1768 1770 4139 615 616 630 610 632 619 620 637 798 798 797 797 969 969 627 658 658 875 875 875 663 662 666 666 3417 3418 3403 4302 3406 3379 3381 4304 4306 3446
0 0 0 0 0 0 0 0 0 0 0 2929 2929 2929 2929 0 0 2914 2914 0 0 0 0 0 0 2934 2934 2916 2916 2960 259 259 236 244 246 246 1251 1255 1255 1170 1323 1179 1256 1290 1291 4092 1181 1178 1178 1307 4140 1776 1777 1791 1780 1781 1781 1782 1767 1771 1771 1773 622 4026 667 668 669 671 671 801 803 803 798 798 672 673 657 4065 4065 875 875 1029 675 996 676 677 690 690 3403 3405 3406 3408 3382 3383 3424 3425
0 0 0 0 0 0 0 0 0 0 0 0 2933 2933 2929 0 2914 2914 2914 0 0 0 0 0 2934 2934 0 2915 2917 237 3989 259 236 236 1251 1251 1259 1255 1322 1323 1323 1180 1288 1262 1189 1308 1191 4082 1193 1186 4140 1797 1790 1792 1793 1794 4141 1782 1783 1785 1785 678 678 681 998 878 670 4031 4031 803 803 803 803 798 674 674 674 954 1018 1033 1033 1029 799 800 676 689 690 691 1044 3406 3408 3410 3411 3412 3385 3414
0 0 0 0 0 0 0 0 0 0 0 0 0 2933 2926 2926 2926 2914 2914 2911 0 0 0 0 2934 2934 247 2915 237 3990 3992 236 236 256 1251 1259 1259 1322 1322 1263 4081 1187 1262 1188 1190 1326 1202 1204 1194 1210 1806 1797 1798 1798 1799 1800 1801 1802 1795 1796 1787 679 679 681 694 682 682 1014 802 803 803 803 701 880 683 685 954 954 992 992 1034 1034 800 687 688 689 703 703 985 985 4050 4303 3411 3412 3457 4309
0 0 0 0 0 0 0 0 0 0 0 0 2926 2926 2926 2926 2910 2911 2911 2911 2911 2935 0 0 0 247 247 252 253 255 255 236 256 256 1259 1324 1324 1294 1263 1196 1196 1197 1315 1316 1217 1199 4084 4084 4084 1213 4143 1807 1808 1809 1799 1811 1801 1801 1815 1803 1804 692 693 705 694 696 697 698 699 699 700 701 701 881 882 685 954 954 993 993 955 955 1035 1036 4032 707 703 703 708 804 884 710 3472 3462 3458 3459
0 0 0 0 0 0 0 0 0 0 0 2926 2926 2926 2926 2909 2910 2910 2911 2911 2935 2935 2935 249 249 247 247 252 255 240 240 256 256 256 256 1324 1321 1214 1313 1296 1264 4093 1318 1319 1319 1319 1219 1220 1220 1221 1222 1223 1224 1224 1812 1811 1814 1814 4144 1816 1817 704 692 4034 713 714 715 698 716 717 700 718 880 880 882 719 885 721 722 4060 955 955 724 725 726 707 4033 727 4033 728 729 3470 3470 3463 3455 3459
0 0 0 0 0 0 0 0 0 0 0 0 0 0 2909 2909 2909 2910 2927 2935 2935 2935 249 249 249 239 239 239 240 248 256 256 256 256 256 1311 4094 1312 1314 1265 1267 1216 1318 1309 1309 1218 1225 1220 1227 1227 1228 1223 1229 94 94 95 97 97 99 99 100 100 101 102 731 732 732 698 716 735 735 888 971 970 736 720 986 721 723 956 955 955 755 725 726 808 808 727 728 810 4036 3470 4312 4312 3456 4308
0 0 0 0 0 0 0 0 0 0 0 0 0 2913 2913 2909 0 2927 2927 2927 2935 249 249 249 250 250 239 241 242 242 256 256 257 257 257 257 1312 1284 1284 1268 1317 1318 4091 1310 1226 1226 1226 4085 1231 1227 1228 1233 1229 94 94 105 106 98 99 100 100 100 3975 102 102 732 732 734 889 887 899 888 4043 4061 736 737 738 4035 723 956 742 755 755 756 766 809 809 812 810 813 4044 815 4312 4312 4312 3468
0 0 0 0 0 0 0 0 0 0 0 0 0 2913 2913 0 2927 2927 2927 2927 2927 249 258 250 250 250 241 241 242 242 257 257 257 257 257 1275 1284 1317 1317 1317 1230 1230 1280 1281 1236 1226 4085 4086 1232 1232 1232 1233 103 103 104 105 106 3976 98 107 100 108 110 111 112 744 745 745 746 890 818 818 819 975 4037 747 748 751 752 741 754 763 765 766 767 767 820 973 972 1000 821 822 817 823 3483 3484
0 0 0 0 0 0 0 0 0 0 0 0 0 0 0 0 2927 2927 2927 2927 260 262 262 258 250 241 241 242 254 254 243 243 243 257 1275 1234 1234 1234 1234 1235 1235 1282 1282 1236 1236 1236 1237 4086 1238 1238 1233 113 116 116 130 117 117 3976 118 107 107 109 187 122 3977 123 757 891 746 818 818 818 758 758 4038 830 829 759 761 741 4039 768 769 976 826 825 820 827 824 1001 837 838 4046 840 3483 3487
0 0 0 0 0 0 0 0 0 0 0 0 0 0 0 0 0 2927 0 0 260 262 260 0 241 241 241 0 254 254 243 243 1275 1275 1248 1234 1234 1248 1269 1270 1283 1283 1283 1236 1240 1237 1241 1242 1243 1243 3978 126 129 130 131 131 132 133 118 119 121 121 187 138 3977 123 757 770 893 903 818 758 902 831 4038 832 833 760 834 762 896 769 835 836 826 1025 848 909 849 858 966 1002 852 864 980 3488
0 0 0 0 0 0 0 0 0 0 0 0 0 0 0 0 0 0 0 0 260 260 260 0 0 0 0 251 251 251 1275 1275 1275 1248 1248 1248 1269 1269 1270 1270 1270 1283 1283 1063 1059 1060 1242 1242 156 156 156 156 3978 141 183 182 182 142 133 134 135 136 137 139 140 144 144 772 772 842 758 1055 1039 831 912 988 833 978 904 844 845 4047 4047 856 1026 857 848 1004 1005 863 863 1003 866 866 866 963
0 0 0 0 0 0 0 0 0 0 0 0 0 0 0 0 0 0 0 0 260 260 260 261 0 0 0 251 251 4088 1275 1275 1249 1249 4089 4089 1269 1298 1298 1270 1270 1069 1069 1063 1066 1066 1244 1244 1245 156 156 156 156 3979 145 145 183 142 142 151 152 154 154 228 188 190 144 773 775 775 974 995 4064 994 1023 989 777 906 982 959 861 847 855 910 922 860 1004 1004 1005 863 863 1003 866 866 4056 924
0 0 0 0 0 0 0 0 0 0 0 0 0 0 0 0 0 0 0 260 260 260 261 261 0 0 0 251 251 4088 1272 1272 1273 1273 1273 1271 1099 1067 1072 1073 1069 1069 1070 1066 1066 1244 1244 1246 1245 156 156 156 156 156 157 146 147 148 149 150 151 155 155 228 231 192 195 232 775 775 974 934 934 776 780 781 781 1016 862 919 1040 865 865 911 964 964 1004 1004 863 863 1003 851 866 866 923 924
0 0 0 0 0 0 0 0 0 0 0 0 0 0 0 0 0 0 0 261 261 261 261 0 0 0 0 251 1272 1272 1272 0 1273 1273 1250 1090 1100 1071 1072 1078 1074 1075 1076 1076 4087 1244 1246 1246 1245 156 156 156 156 156 158 159 159 147 161 163 150 3981 3981 166 166 166 201 167 207 778 936 936 934 779 4040 781 4048 917 783 957 1009 1020 965 965 964 964 1004 0 0 0 0 0 0 0 0 1424
0 0 0 0 0 0 0 0 0 0 0 0 0 0 0 0 0 0 261 261 261 261 0 0 0 0 0 1272 1272 1272 1272 0 1327 4090 1090 1090 1102 1102 1077 1078 1082 1082 1083 1083 4087 4087 1246 1245 156 156 156 156 156 156 3980 168 159 170 162 163 174 229 164 165 197 3984 3982 208 209 1700 778 940 1007 1006 897 782 788 783 783 783 1009 1009 965 965 0 0 0 0 0 0 0 0 0 0 0 1424
0 0 0 0 0 0 0 0 0 0 0 0 0 0 0 0 0 261 261 261 261 261 0 0 0 0 0 0 1272 1272 1272 0 1274 1093 1091 1103 1103 1079 1080 4072 4072 1097 1097 1083 1247 1247 1247 1245 178 156 156 156 156 156 168 168 169 171 171 173 203 203 226 3987 3985 3985 184 3986 211 1700 1700 1030 1007 898 4041 786 788 788 788 1397 1361 1362 1383 1402 0 0 0 0 0 0 0 0 0 0 0 4105
0 0 0 0 0 0 0 0 0 0 0 0 0 0 0 0 0 261 261 261 261 261 0 0 0 0 0 0 0 0 0 0 1274 1093 1091 1104 1104 1084 1085 4073 4073 1087 1427 1428 1567 1567 1247 178 178 178 178 212 213 234 223 223 224 172 172 179 204 1440 3987 227 205 3985 185 3986 177 1700 1700 1030 867 785 789 787 788 788 4095 1398 4101 4100 1402 1402 1402 1368 1373 0 0 0 0 0 0 0 4105 4105
0 0 0 0 0 0 0 0 0 0 0 0 0 0 0 0 0 0 261 261 261 261 0 0 0 0 0 0 0 0 0 0 1274 1105 4074 1092 1092 1085 1086 1088 1089 1529 1529 1566 1567 1567 1559 1558 1558 1430 1430 1433 1434 4106 1437 1439 225 179 179 179 204 1441 1443 1443 1554 176 185 177 177 1700 1700 1700 868 869 789 4042 1330 1330 1386 1395 1395 1328 1328 1329 1329 1368 1368 1368 0 0 0 0 0 0 0 0
0 0 0 0 0 0 0 0 0 0 0 0 0 0 0 0 0 0 0 0 0 0 0 0 0 0 0 0 0 0 0 0 0 0 4074 1094 1094 1094 1088 1088 1088 1446 1448 1566 1567 1559 1559 1559 1558 1430 1432 1552 1553 1435 1438 1439 1439 179 1458 4109 4109 1441 1443 1443 1461 1445 4118 1560 1561 1700 1700 1700 928 927 4049 4057 794 1386 1331 1332 1388 1328 1328 1329 1329 1335 1336 1337 1337 1340 1340 1340 1340 0 0 0
0 0 0 0 0 0 0 0 0 0 0 0 0 0 0 0 0 0 0 0 0 0 0 0 0 0 0 0 0 0 0 0 0 0 1094 1094 1094 1095 1095 1463 1464 4110 1448 1449 1450 1559 1559 1559 1559 1559 1559 1451 1452 4108 4108 1454 1455 1456 1457 1466 1466 1468 1482 1460 1470 1462 1462 1560 1619 1700 1700 0 0 870 929 930 931 1364 1364 1365 1388 1374 1333 1334 1334 1335 1336 1338 1339 1340 1340 1340 1340 0 0 0
0 0 0 0 0 0 0 0 0 0 0 0 0 0 0 0 0 0 0 0 0 0 0 0 0 0 0 0 0 0 0 0 0 0 0 1094 0 1095 1095 1463 1464 1473 1475 1476 1477 1478 1559 1559 1559 1559 1559 1479 1500 1502 1503 4108 1456 1456 1505 1506 1467 1467 1482 1486 1485 4132 1698 1698 1619 1700 1700 0 0 0 4063 1013 1349 1348 1366 1341 1342 1342 1367 1367 0 1335 1335 1343 1344 1345 1360 1360 1340 0 0 0
0 0 0 0 0 0 0 0 0 0 0 0 0 0 0 0 0 0 0 0 0 0 0 0 0 0 0 0 0 0 0 0 0 0 0 0 0 1106 1106 1472 1490 1473 1493 1494 4112 1495 1575 1497 1497 1498 1499 1500 1501 1509 1502 4114 1510 1511 1505 1506 1506 1508 1508 1617 1696 4132 1698 1699 1619 1700 0 0 0 0 0 1382 1382 1382 1392 1399 1399 1399 1405 1405 1401 0 0 4096 4096 1346 1369 1369 1360 0 0 0
0 0 0 0 0 0 0 0 0 0 0 0 0 0 0 0 0 0 0 0 0 0 0 0 0 0 0 0 0 0 0 0 0 0 0 0 0 1106 1537 4111 1489 1491 1492 1494 4112 1496 1527 1576 1576 1584 1568 1514 1514 1514 1517 4114 1510 1511 1570 1570 1616 1616 1618 1683 1697 1709 1622 1622 1619 1685 0 0 0 0 0 0 1382 1381 4099 1399 1399 1399 1406 1401 1401 0 0 1350 1351 1352 1353 1355 0 0 0 0
0 0 0 0 0 0 0 0 0 0 0 0 0 0 0 0 0 0 0 0 0 0 0 0 0 0 0 0 0 0 0 0 0 0 0 0 0 1096 1096 1537 1526 1526 1535 1532 1533 1534 1540 1540 1540 1584 1584 1579 1514 1518 1519 1580 1581 1570 1570 1570 1616 1620 1616 4130 1683 1622 1622 1622 1619 1685 1686 0 0 0 0 0 0 0 0 1399 1399 1399 1400 1410 1410 0 0 0 1357 1358 1354 4097 0 0 0 0
0 0 0 0 0 0 0 0 0 0 0 0 0 0 0 0 0 0 0 0 0 0 0 0 0 0 0 0 0 0 0 0 0 0 0 0 1096 1096 1096 1538 1564 1565 1539 1536 1536 1534 1534 1540 1540 1583 1530 1530 1522 1520 1521 1521 1582 1570 1572 1570 1620 1620 1620 4130 1621 1681 1660 1660 1684 1686 1686 1686 0 0 0 0 0 0 0 0 0 1399 1400 0 1404 1404 1404 1403 1403 1359 1359 1356 0 0 0 0
0 0 0 0 0 0 0 0 0 0 0 0 0 0 0 0 0 0 0 0 0 0 0 0 0 0 0 0 0 0 0 0 0 0 0 0 1096 1096 1577 1577 1578 4116 1539 1539 0 1542 1542 1542 1542 1550 1541 1541 1541 1562 1523 1523 1582 1573 1573 1573 1678 1678 1705 1625 1625 1625 1660 1623 1624 1686 1686 1662 0 0 0 0 1663 1663 0 0 0 0 1653 1653 1404 1404 1404 1403 1403 1376 1359 1359 0 0 0 0
0 0 0 0 0 0 0 0 0 0 0 0 0 0 0 0 0 0 0 0 0 0 0 0 0 0 0 0 0 0 0 0 0 0 0 0 0 0 0 0 0 4116 4116 0 0 0 1551 1551 1542 1550 1550 1550 1550 1562 1562 1573 1573 1573 1573 1573 1678 1678 1634 1635 1626 1628 1629 1630 1632 1688 1689 1689 1689 1689 4128 4128 1663 1717 0 1633 1633 1653 1653 1653 1653 1404 1404 1403 1377 1377 1370 1370 0 0 0 0
0 0 0 0 0 0 0 0 0 0 0 0 0 0 0 0 0 0 0 0 0 0 0 0 0 0 0 0 0 0 0 0 0 0 0 0 0 0 0 0 0 0 0 0 0 0 0 1551 1550 1550 1550 1524 1524 1524 1563 1562 1573 1573 1573 1573 1573 1634 1634 1635 1636 1637 4125 1631 4124 4131 4131 4131 4131 1689 4128 1707 1633 1633 1633 1633 1633 1653 1661 1661 1661 1703 1703 1654 1408 1370 1370 0 0 0 0 0
0 0 0 0 0 0 0 0 0 0 0 0 0 0 0 0 0 0 0 0 0 0 0 0 0 0 0 0 0 0 0 0 0 0 0 0 0 0 0 0 0 0 0 0 0 0 0 1551 1551 1543 1543 1543 4115 1563 1563 1547 1548 1573 1573 1573 1573 1634 1634 1635 1635 1643 1644 1644 1638 1638 1638 4131 1710 1711 1707 1691 1691 1639 1640 1640 1640 1661 1661 1661 1704 1704 1694 1655 1370 1370 1379 0 0 0 0 0
0 0 0 0 0 0 0 0 0 0 0 0 0 0 0 0 0 0 0 0 0 0 0 0 0 0 0 0 0 0 0 0 0 0 0 0 0 0 0 0 0 0 0 0 0 0 0 1551 1551 1543 1543 4115 4115 4115 1546 1547 1548 1573 1573 1573 1592 1712 1641 1641 1642 1643 1644 1644 1646 1648 1646 1679 1649 1708 1708 1691 1691 1691 1640 1640 1640 1661 1675 1675 1704 1694 1694 1655 1409 1378 1379 1379 0 0 0 0
