input/CLUSTER_ED_VM.asc
ncols        168
nrows        136
xllcorner    455000.000000000000
yllcorner    2107000.000000000000
cellsize     500.000000000000
NODATA_value  -99999
[rows 59 to 117 of 136, columns 0 to 95 of 168]
0 0 0 0 0 0 0 0 0 0 113 0 0 0 0 0 0 0 165 73 31 31 31 31 31 31 31 31 31 175 175 175 175 14 14 14 14 14 14 14 14 136 136 136 136 136 136 136 136 136 186 186 186 186 186 186 186 120 120 120 120 120 120 120 120 120 120 39 39 39 39 39 39 39 75 75 75 75 75 75 75 75 20 20 20 20 20 20 20 20 92 92 92 92 92 92
0 0 0 0 0 0 0 0 0 113 0 0 0 0 0 0 0 0 165 31 31 31 31 31 31 31 31 31 31 31 14 14 14 14 14 14 14 14 14 14 14 14 136 136 136 136 136 136 136 136 41 41 41 41 41 41 41 120 120 120 120 120 120 120 120 120 39 39 39 39 39 39 39 39 39 75 75 75 75 75 75 75 171 171 171 171 171 171 171 171 92 92 92 92 92 92
0 0 0 0 0 0 0 0 113 113 113 113 113 0 0 0 0 0 0 0 31 0 31 31 31 31 31 31 86 86 14 14 14 14 14 14 14 14 14 14 14 136 136 136 136 136 136 136 136 136 41 41 41 41 41 41 41 120 120 120 120 120 120 120 120 120 39 39 39 39 39 39 39 39 39 52 52 52 52 52 52 171 171 171 171 171 171 171 171 171 92 92 92 92 92 92
0 0 0 0 0 0 0 0 113 165 165 165 113 113 113 0 0 165 0 0 0 0 0 0 0 86 86 86 86 86 86 14 14 14 14 14 14 14 14 14 14 136 136 136 136 136 136 136 136 41 41 41 41 41 41 41 41 103 103 120 120 120 120 120 120 120 39 39 39 39 39 39 39 39 52 52 52 52 52 52 52 171 171 171 171 171 171 171 171 171 92 92 92 92 92 92
0 0 0 0 0 0 0 0 0 113 165 165 165 165 165 0 0 0 0 0 0 0 0 0 0 86 86 86 86 86 86 86 86 86 14 14 14 14 14 118 118 118 118 136 136 136 136 136 41 41 41 41 41 41 41 41 103 103 103 103 103 103 120 120 120 120 39 39 39 39 39 39 39 39 52 52 52 52 52 52 52 52 171 171 171 171 171 171 171 171 171 92 92 92 92 92
0 0 0 0 0 0 0 0 0 0 0 165 165 165 165 0 0 151 151 0 0 0 0 0 86 86 86 86 86 86 86 86 86 86 13 13 13 14 118 118 118 118 118 118 118 118 118 41 41 41 41 41 41 41 41 103 103 103 103 103 103 103 103 104 104 104 104 104 39 39 39 39 39 52 52 52 52 52 52 52 52 52 171 171 171 171 171 171 171 171 171 92 92 92 92 92
0 0 0 0 0 0 0 0 0 0 0 165 165 165 165 0 165 151 151 0 151 0 0 0 86 86 86 86 86 86 86 86 86 86 13 13 13 13 13 118 118 118 118 118 118 118 118 118 41 41 41 41 41 41 103 103 103 103 103 103 103 103 103 104 104 104 104 104 104 104 0 0 52 52 52 52 52 52 52 52 52 52 171 171 171 171 171 171 171 171 171 137 137 137 137 137
0 0 0 0 0 0 0 0 0 0 0 0 0 0 165 165 151 151 151 151 0 0 0 0 2 86 86 86 86 86 86 86 86 86 13 13 13 13 13 13 118 118 118 118 118 118 118 118 33 33 33 33 33 33 103 103 103 103 103 103 103 103 103 104 104 104 104 104 104 104 0 104 52 52 52 52 52 52 52 52 52 52 52 171 171 171 171 171 171 171 137 137 137 137 137 137
0 0 0 0 0 0 0 0 0 165 0 0 165 165 151 151 151 151 151 151 151 151 2 2 0 86 2 2 2 86 86 86 86 13 13 13 13 13 13 13 118 118 118 118 118 118 118 118 33 33 33 33 33 33 33 103 103 103 103 103 103 103 104 104 104 104 104 104 104 104 104 104 104 52 52 52 52 52 52 52 0 52 3 3 3 3 3 3 3 137 137 137 137 137 137 137
0 0 0 0 0 0 0 0 0 0 0 165 165 151 151 151 151 151 151 151 2 2 2 2 86 2 2 2 2 2 86 89 13 13 13 13 13 13 13 13 13 118 118 118 118 118 118 118 33 33 33 33 33 33 33 103 103 103 103 103 103 103 104 104 104 104 104 104 104 104 104 104 66 66 66 66 66 66 66 66 0 3 3 3 3 3 3 3 3 137 137 137 137 137 137 137
0 0 0 0 0 0 0 0 0 0 0 165 0 165 165 151 151 151 151 2 2 2 2 2 2 2 2 2 2 2 89 89 13 13 13 13 13 13 13 13 13 192 192 192 192 118 118 33 33 33 33 33 33 33 33 25 25 25 25 25 25 25 104 104 104 104 104 104 104 104 104 104 66 66 66 66 66 66 66 66 0 3 3 3 3 3 3 3 3 3 137 137 137 137 137 137
0 0 0 0 0 0 0 0 165 0 0 0 0 38 165 151 0 151 2 2 2 2 38 2 2 2 2 2 2 2 89 89 89 13 13 13 13 13 13 13 192 192 192 192 192 192 116 116 33 33 33 33 33 33 25 25 25 25 25 25 25 25 104 104 104 104 104 104 104 180 180 180 66 66 66 66 66 66 66 66 66 3 3 3 3 3 3 3 3 3 3 137 137 137 137 137
0 0 0 0 0 0 0 0 0 0 0 0 0 38 165 0 38 38 38 2 38 38 38 2 38 2 2 2 2 89 89 89 89 89 89 13 13 13 13 172 192 192 192 192 192 116 116 116 116 116 33 33 33 33 25 25 25 25 25 25 25 25 25 117 104 104 104 104 104 180 180 180 180 66 66 66 66 66 66 66 66 66 3 3 3 3 3 3 3 3 3 137 137 137 137 137
0 0 0 0 0 0 0 0 0 0 0 0 0 0 38 38 38 38 38 38 38 38 38 0 38 38 2 2 89 89 89 89 89 89 89 89 172 172 172 172 192 192 192 192 192 116 116 116 116 116 116 116 33 25 25 25 25 25 25 25 25 25 117 117 117 117 117 117 180 180 180 180 180 66 66 66 66 66 66 66 66 66 3 3 3 3 3 3 3 3 90 90 90 90 90 90
0 0 0 0 0 0 0 0 0 0 0 0 0 0 0 0 0 38 38 0 38 38 38 0 38 38 2 0 89 89 89 89 89 89 89 89 172 172 172 172 172 192 192 192 192 116 116 116 116 116 116 116 12 12 25 25 25 25 25 25 25 117 117 117 117 117 117 117 180 180 180 180 180 66 66 66 66 66 66 66 176 176 176 176 176 176 176 176 176 176 90 90 90 90 90 90
0 0 0 0 0 0 0 0 0 0 0 0 0 0 0 0 0 0 0 0 38 38 38 0 38 0 0 89 114 114 89 89 89 89 89 172 172 172 172 172 172 192 192 192 116 116 116 116 116 116 116 12 12 12 12 12 25 25 25 25 117 117 117 117 117 117 117 117 180 180 180 180 140 140 140 140 66 66 66 176 176 176 176 176 176 176 176 176 176 176 106 106 90 90 90 90
0 0 0 0 0 0 0 0 0 0 0 0 0 38 0 0 0 0 0 0 38 38 38 38 0 0 0 114 114 114 114 89 89 89 89 89 172 172 172 172 172 172 192 192 116 116 116 116 116 116 12 12 12 12 12 12 12 12 25 117 117 117 117 117 117 117 117 117 117 180 180 140 140 140 140 140 140 140 176 176 176 176 176 176 176 176 176 106 106 106 106 106 106 90 90 90
0 0 0 0 0 0 0 0 0 0 0 0 0 0 0 0 0 0 0 0 38 38 38 38 0 0 0 114 114 114 114 114 114 82 82 82 82 172 172 172 172 172 192 47 47 47 116 116 116 12 12 12 12 12 12 12 12 200 200 200 117 117 117 117 117 117 117 117 140 140 140 140 140 140 140 140 140 140 176 176 176 176 176 176 176 176 176 106 106 106 106 106 106 90 90 90
0 0 0 0 0 0 0 0 0 0 0 70 0 0 0 0 0 0 0 38 38 38 38 0 0 0 0 114 114 114 114 0 114 82 82 82 82 82 172 172 172 172 47 47 47 47 47 47 12 12 12 12 12 12 12 12 12 200 200 200 200 117 117 117 117 117 117 117 140 140 140 140 140 140 140 140 140 140 176 176 176 176 176 176 176 176 176 0 0 0 0 0 0 0 0 0
0 0 0 0 0 0 0 0 0 0 0 0 0 0 0 0 0 0 70 38 70 38 0 0 0 0 0 114 114 114 114 0 114 82 82 82 82 172 172 172 172 172 47 47 47 47 47 47 47 12 12 12 12 12 12 12 200 200 200 200 200 200 117 117 117 117 117 117 140 140 140 140 140 140 140 140 140 140 176 176 176 156 176 176 0 0 0 0 0 0 0 0 0 0 0 88
0 0 0 0 0 0 0 0 0 0 0 0 70 0 0 0 0 70 70 70 70 70 0 0 0 0 0 0 114 114 0 0 114 82 82 82 82 172 172 172 172 172 47 47 47 47 47 47 47 12 12 12 12 12 12 200 200 200 200 200 200 200 200 26 26 26 26 26 140 140 140 140 140 140 140 140 11 11 156 156 156 156 156 156 0 0 0 0 0 0 0 0 0 0 0 88
0 0 0 0 0 0 0 0 0 0 0 0 0 0 0 0 0 70 70 70 70 70 0 0 0 0 0 0 0 0 0 0 114 82 82 82 82 63 172 172 172 47 47 47 47 47 47 47 47 100 100 100 100 100 100 200 200 200 200 200 200 200 26 26 26 26 26 26 26 0 140 140 11 11 11 11 11 11 11 156 156 156 156 156 156 156 156 0 0 0 0 0 0 0 88 88
0 0 0 0 0 0 0 0 0 0 0 0 0 0 0 0 0 70 70 70 70 70 0 0 0 0 0 0 0 0 0 0 114 82 82 82 82 63 63 172 172 47 47 47 47 47 47 47 47 100 100 100 100 100 100 200 200 200 200 200 200 200 26 26 26 26 26 26 26 0 0 11 11 11 11 11 11 11 11 156 156 156 156 156 156 156 156 156 0 0 0 0 0 0 0 0
0 0 0 0 0 0 0 0 0 0 0 0 0 0 0 0 70 0 0 0 0 0 0 0 0 0 0 0 0 0 0 0 0 0 82 82 63 63 63 63 63 63 63 47 47 47 47 47 100 100 100 100 100 100 100 100 200 200 200 200 200 26 26 26 26 26 26 26 26 0 0 0 11 11 11 11 11 11 11 11 156 156 156 156 156 156 156 156 87 87 87 87 87 0 0 0
0 0 0 0 0 0 0 0 0 0 0 0 0 0 0 0 0 0 0 0 0 0 0 0 0 0 0 0 0 0 0 0 0 0 82 82 82 63 63 63 63 63 63 189 189 189 189 189 189 100 100 100 100 100 100 100 100 200 200 200 200 26 26 26 26 26 26 26 26 0 0 0 0 11 11 11 11 11 11 11 156 156 156 156 156 156 156 87 87 87 87 87 87 87 0 0
0 0 0 0 0 0 0 0 0 0 0 0 0 0 0 0 0 0 0 0 0 0 0 0 0 0 0 0 0 0 0 0 0 0 0 82 0 63 63 63 63 63 63 189 189 189 189 189 189 189 100 100 100 100 100 100 167 167 167 167 167 26 26 26 26 26 26 26 26 0 0 0 0 0 11 11 11 11 138 138 138 138 138 138 156 156 156 87 87 87 87 87 87 0 0 0
0 0 0 0 0 0 0 0 0 0 0 0 0 0 0 0 0 0 0 0 0 0 0 0 0 0 0 0 0 0 0 0 82 0 0 0 0 63 63 63 63 63 63 63 189 189 189 189 189 189 189 100 100 100 100 167 167 167 167 167 167 167 167 26 26 72 72 72 72 0 0 0 0 0 0 11 11 138 138 138 138 138 138 138 138 0 0 87 87 87 87 87 87 0 0 0
0 0 0 0 0 0 0 0 0 0 0 0 0 0 0 0 0 0 0 0 0 0 0 0 0 0 0 0 0 0 0 0 0 0 0 0 0 63 63 63 63 63 63 63 199 199 189 189 189 189 189 189 100 100 167 167 167 167 167 167 167 167 167 72 72 72 72 72 72 72 0 0 0 0 0 0 138 138 138 138 138 138 138 138 138 0 0 87 87 87 87 87 0 0 0 0
0 0 0 0 0 0 0 0 0 0 0 0 0 0 0 0 0 0 0 0 0 0 0 0 0 0 0 0 0 0 0 0 0 0 0 0 0 63 63 63 63 63 63 199 199 199 199 199 189 189 189 189 189 167 167 167 167 167 167 167 167 167 167 72 72 72 72 72 72 72 72 0 0 0 0 0 0 0 0 138 138 138 138 138 138 0 0 0 67 67 67 67 0 0 0 0
0 0 0 0 0 0 0 0 0 0 0 0 0 0 0 0 0 0 0 0 0 0 0 0 0 0 0 0 0 0 0 0 0 0 0 0 96 96 96 96 96 96 96 96 199 199 199 199 199 189 189 189 189 167 167 167 167 167 167 167 167 167 167 72 72 72 72 72 72 72 72 72 0 0 0 0 0 0 0 0 0 138 138 0 0 67 67 67 67 67 67 67 0 0 0 0
0 0 0 0 0 0 0 0 0 0 0 0 0 0 0 0 0 0 0 0 0 0 0 0 0 0 0 0 0 0 0 0 0 0 0 0 96 96 96 96 96 96 96 96 0 199 199 199 199 199 189 189 18 18 18 167 167 167 167 167 167 167 167 24 72 72 72 72 72 72 72 72 0 0 0 0 34 34 0 0 0 0 34 67 67 67 67 67 67 67 67 67 0 0 0 0
0 0 0 0 0 0 0 0 0 0 0 0 0 0 0 0 0 0 0 0 0 0 0 0 0 0 0 0 0 0 0 0 0 0 0 0 0 0 96 0 0 96 96 0 0 0 199 199 199 199 199 189 18 18 18 18 18 167 167 167 167 167 24 24 24 24 72 72 72 72 182 182 182 182 34 34 34 34 0 34 34 34 34 34 67 67 67 67 67 67 67 67 0 0 0 0
0 0 0 0 0 0 0 0 0 0 0 0 0 0 0 0 0 0 0 0 0 0 0 0 0 0 0 0 0 0 0 0 0 0 0 0 0 96 0 0 0 0 0 0 0 0 0 199 199 199 199 199 18 18 18 18 18 18 18 18 18 24 24 24 24 24 24 24 182 182 182 182 182 182 34 34 34 34 34 34 34 34 34 34 67 67 67 67 67 67 67 0 0 0 0 0
0 0 0 0 0 0 0 0 0 0 0 0 0 0 0 0 0 0 0 0 0 0 0 0 0 0 0 0 0 0 0 0 0 0 0 0 0 0 125 0 0 0 125 0 0 0 0 85 199 199 199 199 199 18 18 18 18 18 18 18 18 24 24 24 24 24 24 24 182 182 182 182 182 182 182 34 34 34 34 34 34 34 34 170 170 67 67 67 67 67 67 0 0 0 0 0
0 0 0 0 0 0 0 0 0 0 0 0 0 0 0 0 0 0 0 0 0 0 0 0 0 0 0 0 0 0 0 0 0 0 0 0 0 0 0 0 125 0 0 0 0 0 0 0 85 85 85 199 199 199 18 18 18 18 18 18 18 24 24 24 24 24 24 24 182 182 182 182 182 182 182 34 170 34 34 34 34 170 170 170 170 170 170 110 67 67 110 110 0 0 0 0
0 0 0 0 0 0 0 0 0 0 0 0 0 0 0 0 0 0 0 0 0 0 0 0 0 0 0 0 0 0 0 0 0 0 0 0 0 0 0 0 0 0 0 0 0 0 0 0 0 85 85 85 85 85 85 85 18 18 18 18 18 24 24 24 24 24 24 24 182 182 182 182 182 182 182 34 170 170 34 170 170 170 170 170 170 170 170 110 110 110 110 110 0 0 0 0
0 0 0 0 0 0 0 0 0 0 0 0 0 0 0 0 0 0 0 0 0 0 0 0 0 0 0 0 0 0 0 0 0 0 0 0 0 0 0 125 0 0 0 0 0 0 0 0 0 0 85 85 85 85 85 85 85 85 18 18 18 18 24 24 24 24 24 24 182 182 182 182 79 79 170 170 170 170 170 170 0 0 0 170 170 170 170 170 110 110 110 110 0 0 0 0
0 0 0 0 0 0 0 0 0 0 0 0 0 0 0 0 0 0 0 0 0 0 0 0 0 0 0 0 0 0 0 0 0 0 0 0 0 0 0 0 0 125 125 125 125 125 125 197 197 85 85 85 85 85 85 85 85 85 85 18 18 18 24 24 24 24 24 79 79 182 182 79 79 79 79 170 170 0 170 170 0 0 0 0 0 0 0 170 110 110 110 110 110 0 0 0
0 0 0 0 0 0 0 0 0 0 0 0 0 0 0 0 0 0 0 0 0 0 0 0 0 0 0 0 0 0 0 0 0 0 0 0 0 0 0 0 125 125 125 125 125 125 125 197 197 197 0 197 85 85 85 85 85 85 85 18 18 18 18 24 24 24 79 79 79 79 79 79 79 0 79 0 0 0 0 0 0 0 0 0 0 0 0 0 110 110 110 110 110 110 0 0
0 0 0 0 0 0 0 0 0 0 0 0 0 0 0 0 0 0 0 0 0 0 0 0 0 0 0 0 0 0 0 0 0 0 0 0 0 0 0 0 0 0 125 44 44 125 125 197 197 197 0 197 197 197 197 197 85 85 85 18 0 0 0 79 79 79 79 79 79 79 79 79 79 79 79 0 0 0 0 0 0 0 0 0 0 0 0 0 110 110 110 110 110 0 0 0
0 0 0 0 0 0 0 0 0 0 0 0 0 0 0 0 0 0 0 0 0 0 0 0 0 0 0 0 0 0 0 0 0 0 0 0 0 0 0 0 0 0 44 44 44 44 125 197 197 197 0 197 0 0 0 0 197 85 85 0 183 0 183 79 79 79 79 79 79 79 79 79 79 0 0 0 0 0 148 148 148 0 0 0 0 0 0 170 110 110 110 110 110 110 110 68
0 0 0 0 0 0 0 0 0 0 0 0 0 0 0 0 0 0 0 0 0 0 0 0 0 0 0 0 0 0 0 0 0 0 0 0 0 0 0 0 0 0 44 44 44 44 197 197 197 197 197 197 197 197 0 197 197 48 0 85 0 0 183 79 79 79 79 79 79 79 79 79 0 146 146 146 146 146 0 148 148 0 0 0 0 0 0 0 0 110 110 110 110 110 110 68
0 0 0 0 0 0 0 0 0 0 0 0 0 0 0 0 0 0 0 0 0 0 0 0 0 0 0 0 0 0 0 0 0 0 0 0 0 0 0 0 0 44 44 44 44 44 197 197 197 197 197 197 197 197 197 197 48 48 48 0 48 16 183 183 183 0 0 183 79 79 183 0 146 146 146 146 146 146 146 148 148 148 0 0 0 0 0 0 0 110 110 110 110 110 110 68
0 0 0 0 0 0 0 0 0 0 0 0 0 0 0 0 0 0 0 0 0 0 0 0 0 0 0 0 0 0 0 0 0 0 0 0 0 0 0 0 0 44 44 44 44 44 197 197 197 197 0 197 197 197 0 197 48 48 48 48 48 183 183 183 183 183 0 183 183 183 146 146 146 146 146 146 146 146 146 148 148 148 0 19 19 0 19 19 19 110 110 110 110 110 0 68
0 0 0 0 0 0 0 0 0 0 0 0 0 0 0 0 0 0 0 0 0 0 0 0 0 0 0 0 0 0 0 0 0 0 0 0 0 0 0 0 0 0 0 0 44 44 0 0 197 197 0 0 0 48 0 48 48 48 48 48 16 183 183 183 183 183 183 183 16 16 16 0 0 146 146 146 146 56 148 148 148 148 148 19 19 19 19 19 19 19 19 0 0 110 0 0
0 0 0 0 0 0 0 0 0 0 0 0 0 0 0 0 0 0 0 0 0 0 0 0 0 0 0 0 0 0 0 0 0 0 0 0 0 0 0 0 44 0 0 0 0 0 44 0 0 0 0 0 0 0 48 48 48 48 48 16 16 16 183 183 183 16 16 16 16 16 16 16 16 0 0 56 56 56 56 148 56 148 19 19 19 19 19 19 19 19 19 0 19 19 0 0
0 0 0 0 0 0 0 0 0 0 0 0 0 0 0 0 0 0 0 0 0 0 0 0 0 0 0 0 0 0 0 0 0 0 0 0 0 0 0 0 44 0 0 0 0 0 0 44 0 0 0 0 48 0 48 48 48 48 48 48 48 16 0 16 16 16 16 16 16 16 16 16 16 16 56 56 56 56 56 56 56 56 56 19 19 19 19 19 19 19 19 19 0 0 0 0
0 0 0 0 0 0 0 0 0 0 0 0 0 0 0 0 0 0 0 0 0 0 0 0 0 0 0 0 0 0 0 0 0 0 0 0 0 0 0 0 0 0 44 0 0 0 0 0 0 0 0 48 0 48 0 48 48 0 48 48 48 48 0 0 16 16 0 0 195 195 195 195 195 195 56 56 56 56 56 56 0 56 56 56 19 19 19 19 19 19 19 19 19 0 0 0
0 0 0 0 0 0 0 0 0 0 0 0 0 0 0 0 0 0 0 0 0 0 0 0 0 0 0 0 0 0 0 0 0 0 0 0 0 0 0 0 0 0 0 0 44 0 0 0 0 0 0 0 0 0 48 48 48 0 48 48 0 0 0 0 0 0 0 0 195 195 195 195 195 195 195 56 56 56 56 56 0 0 56 56 56 19 19 19 19 19 19 19 0 0 0 0
0 0 0 0 0 0 0 0 0 0 0 0 0 0 0 0 0 0 0 0 0 0 0 0 0 0 0 0 0 0 0 0 0 0 0 0 0 0 0 0 0 0 0 0 0 0 0 0 0 0 0 0 0 0 0 48 48 0 48 48 0 0 0 0 0 0 0 0 0 0 195 0 0 195 195 195 195 0 0 0 0 56 56 56 56 56 56 155 155 155 155 155 155 0 0 0
0 0 0 0 0 0 0 0 0 0 0 0 0 0 0 0 0 0 0 0 0 0 0 0 0 0 0 0 0 0 0 0 0 0 0 0 0 0 0 0 0 0 0 0 0 0 0 0 0 0 0 0 0 0 0 0 0 0 0 0 0 0 0 0 0 0 0 0 0 0 0 0 0 195 195 195 195 0 0 0 0 153 56 56 56 0 0 0 155 155 155 155 155 0 0 0
0 0 0 0 0 0 0 0 0 0 0 0 0 0 0 0 0 0 0 0 0 0 0 0 0 0 0 0 0 0 0 0 0 0 0 0 0 0 0 0 0 0 0 0 0 0 0 0 0 0 0 0 0 0 0 48 48 0 0 48 0 0 0 0 0 0 0 0 0 0 0 0 0 0 195 195 195 0 0 0 153 153 153 153 153 153 0 0 155 155 155 155 155 0 0 0
0 0 0 0 0 0 0 0 0 0 0 0 0 0 0 0 0 0 0 0 0 0 0 0 0 0 0 0 0 0 0 0 0 0 0 0 0 0 0 0 0 0 0 0 0 0 0 0 0 0 0 0 0 0 0 0 0 0 0 0 0 0 0 0 0 0 0 0 0 0 0 0 0 0 195 0 0 0 0 0 0 0 153 153 153 0 0 0 153 155 155 155 155 0 0 0
0 0 0 0 0 0 0 0 0 0 0 0 0 0 0 0 0 0 0 0 0 0 0 0 0 0 0 0 0 0 0 0 0 0 0 0 0 0 0 0 0 0 0 0 0 0 0 0 0 0 0 0 0 0 127 0 127 0 0 0 0 0 0 0 0 0 0 0 0 0 0 0 0 0 0 0 0 0 0 0 0 0 0 0 0 0 0 0 0 0 155 155 155 0 0 0
0 0 0 0 0 0 0 0 0 0 0 0 0 0 0 0 0 0 0 0 0 0 0 0 0 0 0 0 0 0 0 0 0 0 0 0 0 0 0 0 0 0 0 0 0 0 0 0 0 0 0 0 0 0 0 0 0 0 0 0 0 0 0 0 0 0 0 0 0 0 0 0 0 0 0 0 0 0 0 0 0 0 0 0 0 0 0 0 0 0 0 0 155 155 0 0
0 0 0 0 0 0 0 0 0 0 0 0 0 0 0 0 0 0 0 0 0 0 0 0 0 0 0 0 0 0 0 0 0 0 0 0 0 0 0 0 0 0 0 0 0 0 0 0 0 0 0 0 0 0 0 127 127 0 0 0 0 0 0 0 0 0 0 0 0 0 0 0 0 0 0 0 0 0 0 0 0 0 0 0 0 0 0 0 0 0 0 0 0 0 0 0
0 0 0 0 0 0 0 0 0 0 0 0 0 0 0 0 0 0 0 0 0 0 0 0 0 0 0 0 0 0 0 0 0 0 0 0 0 0 0 0 0 0 0 0 0 0 0 0 0 0 0 0 0 0 0 127 0 0 0 0 0 0 0 0 0 0 0 0 0 0 0 0 0 0 0 0 0 0 0 0 0 0 0 0 0 0 0 0 0 0 0 0 0 0 0 0
0 0 0 0 0 0 0 0 0 0 0 0 0 0 0 0 0 0 0 0 0 0 0 0 0 0 0 0 0 0 0 0 0 0 0 0 0 0 0 0 0 0 0 0 0 0 0 0 0 0 0 0 0 127 127 0 0 0 0 0 0 0 0 0 0 0 0 0 0 0 0 0 0 0 0 0 0 0 0 0 0 0 0 0 0 0 0 0 0 0 0 0 0 0 0 0
0 0 0 0 0 0 0 0 0 0 0 0 0 0 0 0 0 0 0 0 0 0 0 0 0 0 0 0 0 0 0 0 0 0 0 0 0 0 0 0 0 0 0 0 0 0 0 0 0 0 0 0 127 127 127 0 0 0 0 0 0 0 0 0 0 0 0 0 0 0 0 0 0 0 0 0 0 0 0 0 0 0 0 0 0 0 0 0 0 0 0 0 0 0 0 0
